Before:[1,1,1,0]
4100
After:[1,1,1,0]

Before:[1,1,0,1]
5133
After:[1,1,0,1]

Before:[3,2,3,1]
14213
After:[3,2,3,2]

Before:[0,1,2,1]
5130
After:[1,1,2,1]

Before:[2,1,2,3]
1332
After:[2,1,3,3]

Before:[1,0,2,0]
11021
After:[1,2,2,0]

Before:[1,2,1,1]
8230
After:[1,2,1,1]

Before:[1,0,3,2]
10033
After:[1,0,3,3]

Before:[0,1,3,1]
3000
After:[0,1,3,1]

Before:[2,1,3,2]
15012
After:[2,1,3,2]

Before:[2,1,2,1]
1202
After:[2,1,2,1]

Before:[0,0,2,0]
3002
After:[0,0,0,0]

Before:[1,1,3,2]
10033
After:[1,1,3,3]

Before:[2,3,2,3]
14323
After:[2,3,2,2]

Before:[0,1,3,2]
10130
After:[3,1,3,2]

Before:[1,1,1,0]
4102
After:[1,1,1,0]

Before:[1,2,3,2]
12223
After:[1,2,3,2]

Before:[3,2,1,1]
8233
After:[3,2,1,1]

Before:[0,1,3,2]
10132
After:[0,1,3,2]

Before:[0,3,3,0]
12223
After:[0,3,3,2]

Before:[2,2,2,0]
1200
After:[2,2,2,0]

Before:[0,2,0,3]
11332
After:[0,2,9,3]

Before:[0,1,3,2]
6311
After:[0,3,3,2]

Before:[1,0,2,0]
2230
After:[3,0,2,0]

Before:[3,3,1,1]
8231
After:[3,1,1,1]

Before:[0,1,0,2]
3000
After:[0,1,0,2]

Before:[1,1,3,2]
10030
After:[3,1,3,2]

Before:[0,0,1,1]
3002
After:[0,0,0,1]

Before:[0,1,1,2]
3002
After:[0,1,0,2]

Before:[0,1,1,1]
3003
After:[0,1,1,0]

Before:[1,1,1,1]
5131
After:[1,1,1,1]

Before:[1,1,3,3]
4103
After:[1,1,3,1]

Before:[3,3,1,1]
13233
After:[3,3,1,3]

Before:[3,1,1,3]
9230
After:[3,1,1,3]

Before:[1,1,2,0]
11121
After:[1,2,2,0]

Before:[2,3,2,2]
1202
After:[2,3,2,2]

Before:[0,3,2,3]
1201
After:[0,2,2,3]

Before:[1,1,2,0]
15121
After:[1,3,2,0]

Before:[0,3,1,3]
9231
After:[0,3,1,3]

Before:[3,1,2,0]
1223
After:[3,1,2,2]

Before:[0,2,1,3]
9230
After:[3,2,1,3]

Before:[0,1,0,1]
13133
After:[0,1,0,3]

Before:[1,1,1,2]
4100
After:[1,1,1,2]

Before:[2,2,3,1]
6320
After:[3,2,3,1]

Before:[3,3,1,2]
10231
After:[3,3,1,2]

Before:[3,2,3,3]
11331
After:[3,9,3,3]

Before:[0,0,2,3]
11333
After:[0,0,2,9]

Before:[0,1,0,0]
0313
After:[0,1,0,1]

Before:[3,3,0,3]
11030
After:[9,3,0,3]

Before:[2,1,3,1]
5131
After:[2,1,3,1]

Before:[1,1,2,3]
4101
After:[1,1,2,3]

Before:[2,3,3,3]
11030
After:[6,3,3,3]

Before:[1,2,2,1]
13032
After:[1,2,3,1]

Before:[0,1,3,2]
3003
After:[0,1,3,0]

Before:[3,2,3,2]
14233
After:[3,2,3,2]

Before:[1,1,2,2]
6312
After:[1,1,3,2]

Before:[0,2,3,2]
3001
After:[0,0,3,2]

Before:[3,2,2,3]
14322
After:[3,2,2,3]

Before:[2,1,1,2]
15011
After:[2,3,1,2]

Before:[1,1,1,3]
4103
After:[1,1,1,1]

Before:[1,3,2,3]
1220
After:[2,3,2,3]

Before:[1,1,2,1]
4100
After:[1,1,2,1]

Before:[1,1,3,1]
13031
After:[1,3,3,1]

Before:[1,0,2,1]
8331
After:[1,1,2,1]

Before:[3,3,2,1]
6321
After:[3,3,2,1]

Before:[3,3,2,3]
14022
After:[3,3,2,3]

Before:[1,1,1,1]
5130
After:[1,1,1,1]

Before:[0,1,2,0]
2230
After:[3,1,2,0]

Before:[0,2,1,3]
7032
After:[0,2,0,3]

Before:[2,1,0,0]
13131
After:[2,3,0,0]

Before:[0,2,2,1]
15021
After:[0,2,2,1]

Before:[2,2,3,0]
14203
After:[2,2,3,2]

Before:[0,1,3,1]
5130
After:[1,1,3,1]

Before:[1,1,3,1]
5130
After:[1,1,3,1]

Before:[0,1,3,1]
12221
After:[0,2,3,1]

Before:[1,3,2,1]
11122
After:[1,3,6,1]

Before:[3,2,3,0]
2133
After:[3,2,3,3]

Before:[0,1,3,1]
5131
After:[0,1,3,1]

Before:[1,2,2,2]
11021
After:[1,2,2,2]

Before:[3,0,2,1]
6321
After:[3,3,2,1]

Before:[1,1,2,0]
4100
After:[1,1,2,0]

Before:[0,2,1,0]
3001
After:[0,0,1,0]

Before:[0,2,0,0]
2133
After:[0,2,0,3]

Before:[1,1,1,0]
4103
After:[1,1,1,1]

Before:[1,0,2,2]
15022
After:[1,0,3,2]

Before:[0,0,2,1]
3001
After:[0,0,2,1]

Before:[2,1,0,3]
0212
After:[2,1,1,3]

Before:[1,0,2,0]
13031
After:[1,3,2,0]

Before:[0,0,3,3]
12221
After:[0,2,3,3]

Before:[2,1,3,1]
5130
After:[1,1,3,1]

Before:[0,1,0,3]
7022
After:[0,1,0,3]

Before:[3,0,2,0]
1222
After:[3,0,2,0]

Before:[2,1,1,1]
5133
After:[2,1,1,1]

Before:[3,1,0,2]
10130
After:[3,1,0,2]

Before:[3,1,2,0]
0312
After:[3,1,1,0]

Before:[3,1,2,1]
5131
After:[3,1,2,1]

Before:[2,2,3,1]
6322
After:[2,2,3,1]

Before:[0,1,2,1]
5131
After:[0,1,2,1]

Before:[2,2,2,3]
11331
After:[2,9,2,3]

Before:[2,1,1,2]
2030
After:[3,1,1,2]

Before:[1,1,0,2]
10130
After:[3,1,0,2]

Before:[1,1,3,1]
4103
After:[1,1,3,1]

Before:[0,2,2,1]
3002
After:[0,2,0,1]

Before:[1,1,0,2]
6310
After:[3,1,0,2]

Before:[0,0,0,3]
7031
After:[0,0,0,3]

Before:[2,1,2,2]
6311
After:[2,3,2,2]

Before:[0,1,2,1]
5132
After:[0,1,1,1]

Before:[2,0,3,3]
11032
After:[2,0,6,3]

Before:[0,3,0,0]
3002
After:[0,3,0,0]

Before:[3,3,1,2]
10232
After:[3,3,3,2]

Before:[1,1,3,0]
13133
After:[1,1,3,3]

Before:[2,1,0,1]
0211
After:[2,1,0,1]

Before:[2,2,2,1]
6321
After:[2,3,2,1]

Before:[2,1,2,0]
2031
After:[2,3,2,0]

Before:[1,2,3,3]
11231
After:[1,9,3,3]

Before:[0,1,1,0]
7032
After:[0,1,0,0]

Before:[0,2,1,1]
3001
After:[0,0,1,1]

Before:[1,1,2,3]
9133
After:[1,1,2,3]

Before:[3,0,1,3]
1303
After:[3,0,1,3]

Before:[0,3,1,2]
10230
After:[3,3,1,2]

Before:[2,2,1,3]
1332
After:[2,2,3,3]

Before:[2,2,2,1]
6323
After:[2,2,2,3]

Before:[0,2,2,2]
1200
After:[2,2,2,2]

Before:[0,1,3,2]
12220
After:[2,1,3,2]

Before:[0,2,1,0]
3003
After:[0,2,1,0]

Before:[1,1,3,1]
4102
After:[1,1,1,1]

Before:[2,2,2,1]
8330
After:[1,2,2,1]

Before:[1,1,3,1]
12223
After:[1,1,3,2]

Before:[3,3,3,1]
6323
After:[3,3,3,3]

Before:[2,0,3,2]
14230
After:[2,0,3,2]

Before:[2,1,3,2]
12222
After:[2,1,2,2]

Before:[1,0,1,1]
8232
After:[1,0,1,1]

Before:[0,2,0,2]
7033
After:[0,2,0,0]

Before:[1,1,2,3]
9130
After:[3,1,2,3]

Before:[1,2,2,1]
15120
After:[4,2,2,1]

Before:[1,1,3,3]
9033
After:[1,1,3,3]

Before:[2,3,0,3]
15230
After:[3,3,0,3]

Before:[1,1,3,3]
1330
After:[3,1,3,3]

Before:[0,2,3,2]
7010
After:[0,2,3,2]

Before:[3,1,1,0]
0310
After:[1,1,1,0]

Before:[0,3,2,0]
1223
After:[0,3,2,2]

Before:[0,0,1,1]
8231
After:[0,1,1,1]

Before:[0,1,3,0]
12223
After:[0,1,3,2]

Before:[3,0,1,2]
10233
After:[3,0,1,3]

Before:[1,1,0,0]
4100
After:[1,1,0,0]

Before:[0,3,2,3]
7030
After:[0,3,2,3]

Before:[0,2,3,0]
3000
After:[0,2,3,0]

Before:[0,2,0,3]
1300
After:[3,2,0,3]

Before:[3,3,1,2]
10233
After:[3,3,1,3]

Before:[1,1,2,2]
6313
After:[1,1,2,3]

Before:[0,1,1,2]
6313
After:[0,1,1,3]

Before:[0,0,2,3]
15020
After:[2,0,2,3]

Before:[1,1,3,2]
14231
After:[1,2,3,2]

Before:[0,2,0,1]
7011
After:[0,0,0,1]

Before:[0,1,2,1]
6322
After:[0,1,3,1]

Before:[2,1,0,0]
2033
After:[2,1,0,3]

Before:[3,1,3,1]
5130
After:[1,1,3,1]

Before:[2,1,3,1]
6322
After:[2,1,3,1]

Before:[3,0,3,1]
12220
After:[2,0,3,1]

Before:[0,2,2,3]
3000
After:[0,2,2,3]

Before:[1,1,3,2]
6313
After:[1,1,3,3]

Before:[3,1,1,2]
10131
After:[3,3,1,2]

Before:[1,1,2,3]
15210
After:[3,1,2,3]

Before:[2,0,3,3]
14202
After:[2,0,2,3]

Before:[1,1,1,2]
4101
After:[1,1,1,2]

Before:[0,1,2,0]
7022
After:[0,1,0,0]

Before:[0,3,0,3]
3000
After:[0,3,0,3]

Before:[3,1,0,0]
0210
After:[1,1,0,0]

Before:[1,1,2,0]
4101
After:[1,1,2,0]

Before:[1,1,2,0]
4102
After:[1,1,1,0]

Before:[1,1,0,2]
0213
After:[1,1,0,1]

Before:[1,1,1,2]
6313
After:[1,1,1,3]

Before:[0,3,0,2]
3000
After:[0,3,0,2]

Before:[0,0,3,2]
7012
After:[0,0,0,2]

Before:[1,3,3,2]
12223
After:[1,3,3,2]

Before:[0,3,3,2]
3002
After:[0,3,0,2]

Before:[0,1,0,3]
1303
After:[0,1,0,3]

Before:[0,0,2,3]
3002
After:[0,0,0,3]

Before:[2,1,0,2]
2032
After:[2,1,3,2]

Before:[1,2,1,3]
1302
After:[1,2,3,3]

Before:[1,0,0,3]
15231
After:[1,3,0,3]

Before:[3,1,0,3]
9132
After:[3,1,3,3]

Before:[0,0,0,0]
7012
After:[0,0,0,0]

Before:[0,2,3,0]
14211
After:[0,2,3,0]

Before:[2,0,2,1]
6322
After:[2,0,3,1]

Before:[2,1,1,1]
8230
After:[1,1,1,1]

Before:[1,0,3,3]
12221
After:[1,2,3,3]

Before:[0,0,3,1]
3001
After:[0,0,3,1]

Before:[1,1,3,1]
4100
After:[1,1,3,1]

Before:[1,3,2,1]
14123
After:[1,3,2,2]

Before:[2,1,2,3]
9131
After:[2,3,2,3]

Before:[2,1,0,0]
0210
After:[1,1,0,0]

Before:[3,1,0,1]
5132
After:[3,1,1,1]

Before:[1,2,3,3]
12220
After:[2,2,3,3]

Before:[1,3,2,1]
1223
After:[1,3,2,2]

Before:[0,2,2,3]
1302
After:[0,2,3,3]

Before:[2,0,3,1]
8333
After:[2,0,3,1]

Before:[1,3,1,2]
10232
After:[1,3,3,2]

Before:[1,1,2,1]
5131
After:[1,1,2,1]

Before:[2,0,1,3]
9230
After:[3,0,1,3]

Before:[0,3,1,0]
13233
After:[0,3,1,3]

Before:[1,2,0,1]
8331
After:[1,1,0,1]

Before:[2,1,2,3]
15021
After:[2,4,2,3]

Before:[3,3,2,3]
11022
After:[3,3,6,3]

Before:[0,0,0,2]
7010
After:[0,0,0,2]

Before:[0,1,3,1]
12222
After:[0,1,2,1]

Before:[3,2,2,3]
11331
After:[3,9,2,3]

Before:[2,3,1,0]
2033
After:[2,3,1,3]

Before:[3,3,1,2]
10230
After:[3,3,1,2]

Before:[1,0,1,0]
13033
After:[1,0,1,3]

Before:[1,1,3,3]
9032
After:[1,1,3,3]

Before:[2,2,2,2]
2031
After:[2,3,2,2]

Before:[0,1,1,3]
9230
After:[3,1,1,3]

Before:[0,1,3,1]
6320
After:[3,1,3,1]

Before:[1,2,3,3]
11131
After:[1,6,3,3]

Before:[1,2,1,3]
1330
After:[3,2,1,3]

Before:[0,3,2,0]
2232
After:[0,3,3,0]

Before:[2,1,0,1]
5131
After:[2,1,0,1]

Before:[2,0,3,0]
14203
After:[2,0,3,2]

Before:[1,1,1,3]
9032
After:[1,1,3,3]

Before:[2,1,2,1]
15120
After:[3,1,2,1]

Before:[2,1,3,1]
6320
After:[3,1,3,1]

Before:[1,1,3,2]
4102
After:[1,1,1,2]

Before:[1,1,1,0]
13230
After:[3,1,1,0]

Before:[0,2,3,0]
2133
After:[0,2,3,3]

Before:[2,1,0,3]
15011
After:[2,3,0,3]

Before:[1,1,2,0]
13032
After:[1,1,3,0]

Before:[2,2,2,2]
2230
After:[3,2,2,2]

Before:[0,0,1,0]
7021
After:[0,0,1,0]

Before:[0,0,2,3]
3003
After:[0,0,2,0]

Before:[3,1,1,3]
9133
After:[3,1,1,3]

Before:[2,1,0,3]
0211
After:[2,1,0,3]

Before:[2,0,2,2]
2230
After:[3,0,2,2]

Before:[1,2,2,3]
14323
After:[1,2,2,2]

Before:[0,0,2,3]
3000
After:[0,0,2,3]

Before:[1,0,1,0]
13232
After:[1,0,3,0]

Before:[3,3,1,1]
13230
After:[3,3,1,1]

Before:[1,1,1,3]
11333
After:[1,1,1,9]

Before:[0,3,3,3]
12223
After:[0,3,3,2]

Before:[0,2,1,3]
3001
After:[0,0,1,3]

Before:[1,0,2,3]
9031
After:[1,3,2,3]

Before:[2,3,2,1]
6320
After:[3,3,2,1]

Before:[1,3,1,3]
9230
After:[3,3,1,3]

Before:[0,1,0,0]
3001
After:[0,0,0,0]

Before:[1,0,0,0]
13033
After:[1,0,0,3]

Before:[1,3,3,2]
10033
After:[1,3,3,3]

Before:[2,0,1,2]
10230
After:[3,0,1,2]

Before:[1,1,0,1]
5131
After:[1,1,0,1]

Before:[2,2,0,0]
2133
After:[2,2,0,3]

Before:[2,2,3,2]
14233
After:[2,2,3,2]

Before:[3,3,2,3]
14323
After:[3,3,2,2]

Before:[0,1,2,2]
10133
After:[0,1,2,3]

Before:[1,0,3,2]
12222
After:[1,0,2,2]

Before:[0,2,0,2]
7022
After:[0,2,0,2]

Before:[0,0,2,0]
7032
After:[0,0,0,0]

Before:[1,1,0,0]
0211
After:[1,1,0,0]

Before:[3,1,0,1]
0210
After:[1,1,0,1]

Before:[1,1,3,1]
5133
After:[1,1,3,1]

Before:[1,1,3,3]
4101
After:[1,1,3,3]

Before:[1,1,3,0]
0310
After:[1,1,3,0]

Before:[2,1,0,3]
15232
After:[2,1,3,3]

Before:[1,0,2,2]
15120
After:[2,0,2,2]

Before:[0,3,0,1]
8332
After:[0,3,1,1]

Before:[3,1,0,1]
5131
After:[3,1,0,1]

Before:[0,2,3,2]
12222
After:[0,2,2,2]

Before:[2,1,0,3]
11031
After:[2,6,0,3]

Before:[3,1,2,0]
2231
After:[3,3,2,0]

Before:[1,2,2,1]
13030
After:[3,2,2,1]

Before:[2,3,3,2]
14200
After:[2,3,3,2]

Before:[2,1,0,0]
0212
After:[2,1,1,0]

Before:[0,0,0,1]
3001
After:[0,0,0,1]

Before:[2,2,2,3]
11031
After:[2,6,2,3]

Before:[2,2,3,0]
12223
After:[2,2,3,2]

Before:[2,3,3,1]
8330
After:[1,3,3,1]

Before:[2,1,2,2]
2233
After:[2,1,2,3]

Before:[0,0,1,1]
8331
After:[0,1,1,1]

Before:[1,1,3,1]
6323
After:[1,1,3,3]

Before:[1,1,2,2]
6311
After:[1,3,2,2]

Before:[0,0,3,2]
14233
After:[0,0,3,2]

Before:[3,1,2,2]
6310
After:[3,1,2,2]

Before:[1,0,1,2]
10030
After:[3,0,1,2]

Before:[0,2,2,0]
3003
After:[0,2,2,0]

Before:[2,1,0,0]
0312
After:[2,1,1,0]

Before:[2,1,3,2]
12221
After:[2,2,3,2]

Before:[1,1,0,2]
4103
After:[1,1,0,1]

Before:[3,1,1,1]
5132
After:[3,1,1,1]

Before:[3,0,2,0]
15221
After:[3,4,2,0]

Before:[0,2,3,1]
14212
After:[0,2,2,1]

Before:[3,2,2,3]
14022
After:[3,2,2,3]

Before:[1,1,2,1]
4102
After:[1,1,1,1]

Before:[1,3,3,1]
6321
After:[1,3,3,1]

Before:[0,0,0,0]
7013
After:[0,0,0,0]

Before:[0,3,1,3]
3001
After:[0,0,1,3]

Before:[0,1,0,0]
0310
After:[1,1,0,0]

Before:[0,0,3,1]
12221
After:[0,2,3,1]

Before:[0,0,1,1]
8333
After:[0,0,1,1]

Before:[1,3,3,1]
6323
After:[1,3,3,3]

Before:[1,1,1,3]
4102
After:[1,1,1,3]

Before:[0,3,0,2]
3001
After:[0,0,0,2]

Before:[0,1,3,1]
12220
After:[2,1,3,1]

Before:[2,1,2,1]
5131
After:[2,1,2,1]

Before:[3,0,1,2]
10231
After:[3,3,1,2]

Before:[0,3,2,3]
15033
After:[0,3,2,3]

Before:[1,1,2,2]
4101
After:[1,1,2,2]

Before:[2,1,0,2]
10131
After:[2,3,0,2]

Before:[1,1,2,2]
4102
After:[1,1,1,2]

Before:[3,0,1,3]
15131
After:[3,3,1,3]

Before:[1,3,0,1]
8330
After:[1,3,0,1]

Before:[2,2,3,2]
14202
After:[2,2,2,2]

Before:[0,3,2,1]
11323
After:[0,3,2,2]

Before:[3,2,3,2]
2133
After:[3,2,3,3]

Before:[1,1,2,3]
1220
After:[2,1,2,3]

Before:[3,1,1,0]
13233
After:[3,1,1,3]

Before:[0,3,0,2]
3002
After:[0,3,0,2]

Before:[3,2,2,3]
11030
After:[9,2,2,3]

Before:[0,1,0,3]
7013
After:[0,1,0,0]

Before:[0,1,0,2]
3003
After:[0,1,0,0]

Before:[3,1,0,3]
1313
After:[3,1,0,3]

Before:[2,1,0,0]
15010
After:[3,1,0,0]

Before:[2,1,3,0]
0310
After:[1,1,3,0]

Before:[1,2,3,1]
13030
After:[3,2,3,1]

Before:[1,0,3,1]
8330
After:[1,0,3,1]

Before:[1,0,3,1]
8331
After:[1,1,3,1]

Before:[1,2,3,1]
12222
After:[1,2,2,1]

Before:[3,0,1,1]
8230
After:[1,0,1,1]

Before:[0,1,2,2]
3003
After:[0,1,2,0]

Before:[0,1,1,3]
3002
After:[0,1,0,3]

Before:[2,1,2,1]
5132
After:[2,1,1,1]

Before:[1,0,3,3]
9033
After:[1,0,3,3]

Before:[1,0,2,3]
15223
After:[1,0,2,4]

Before:[1,2,3,2]
15022
After:[1,2,3,2]

Before:[3,1,2,3]
15220
After:[4,1,2,3]

Before:[1,0,3,2]
10031
After:[1,3,3,2]

Before:[3,1,2,3]
14022
After:[3,1,2,3]

Before:[3,0,2,2]
15120
After:[2,0,2,2]

Before:[2,3,2,3]
11232
After:[2,3,6,3]

Before:[2,1,1,0]
13231
After:[2,3,1,0]

Before:[2,0,1,2]
10232
After:[2,0,3,2]

Before:[1,2,2,1]
8332
After:[1,2,1,1]

Before:[3,2,2,1]
14023
After:[3,2,2,2]

Before:[3,1,2,2]
11120
After:[2,1,2,2]

Before:[0,3,0,3]
7011
After:[0,0,0,3]

Before:[2,1,2,0]
2030
After:[3,1,2,0]

Before:[1,1,1,2]
10130
After:[3,1,1,2]

Before:[2,1,3,3]
9132
After:[2,1,3,3]

Before:[3,0,1,3]
11032
After:[3,0,9,3]

Before:[0,1,0,1]
5130
After:[1,1,0,1]

Before:[1,1,3,1]
5131
After:[1,1,3,1]

Before:[1,1,3,1]
8331
After:[1,1,3,1]

Before:[1,1,1,2]
10031
After:[1,3,1,2]

Before:[3,2,3,1]
14211
After:[3,2,3,1]

Before:[1,2,1,1]
8233
After:[1,2,1,1]

Before:[3,3,2,1]
8332
After:[3,3,1,1]

Before:[1,1,1,2]
4102
After:[1,1,1,2]

Before:[2,3,3,1]
14200
After:[2,3,3,1]

Before:[2,0,1,3]
9231
After:[2,3,1,3]

Before:[1,1,0,1]
5132
After:[1,1,1,1]

Before:[0,1,0,2]
10133
After:[0,1,0,3]

Before:[3,1,0,1]
8331
After:[3,1,0,1]

Before:[1,1,3,2]
4100
After:[1,1,3,2]

Before:[0,3,1,0]
3002
After:[0,3,0,0]

Before:[3,1,1,0]
0313
After:[3,1,1,1]

Before:[1,0,2,2]
10030
After:[3,0,2,2]

Before:[0,1,3,1]
3003
After:[0,1,3,0]

Before:[2,3,2,0]
1201
After:[2,2,2,0]

Before:[1,1,3,0]
0311
After:[1,1,3,0]

Before:[2,0,1,3]
15130
After:[3,0,1,3]

Before:[2,0,3,1]
8332
After:[2,0,1,1]

Before:[0,2,3,2]
7023
After:[0,2,3,0]

Before:[1,3,3,3]
9031
After:[1,3,3,3]

Before:[3,1,2,3]
1331
After:[3,3,2,3]

Before:[0,0,3,0]
3003
After:[0,0,3,0]

Before:[2,3,2,3]
11123
After:[2,3,2,6]

Before:[2,1,0,1]
8331
After:[2,1,0,1]

Before:[2,1,1,0]
0312
After:[2,1,1,0]

Before:[0,0,3,2]
12222
After:[0,0,2,2]

Before:[3,2,3,3]
11130
After:[6,2,3,3]

Before:[3,1,0,0]
0213
After:[3,1,0,1]

Before:[1,3,2,3]
9030
After:[3,3,2,3]

Before:[0,0,0,0]
3003
After:[0,0,0,0]

Before:[0,1,1,2]
3001
After:[0,0,1,2]

Before:[1,2,2,2]
10030
After:[3,2,2,2]

Before:[2,1,2,0]
0312
After:[2,1,1,0]

Before:[2,3,0,3]
11130
After:[9,3,0,3]

Before:[1,2,3,1]
13031
After:[1,3,3,1]

Before:[0,2,0,3]
1330
After:[3,2,0,3]

Before:[1,1,0,3]
1312
After:[1,1,3,3]

Before:[3,1,3,0]
13133
After:[3,1,3,3]

Before:[3,2,2,2]
2230
After:[3,2,2,2]

Before:[0,0,3,1]
12222
After:[0,0,2,1]

Before:[0,1,3,1]
5132
After:[0,1,1,1]

Before:[0,1,1,1]
7011
After:[0,0,1,1]

Before:[3,1,3,0]
0310
After:[1,1,3,0]

Before:[0,2,2,3]
11130
After:[6,2,2,3]

Before:[0,3,0,3]
11130
After:[9,3,0,3]

Before:[0,1,3,1]
7012
After:[0,1,0,1]

Before:[2,1,2,3]
15221
After:[2,4,2,3]

Before:[2,1,2,3]
9133
After:[2,1,2,3]

Before:[0,0,3,0]
12221
After:[0,2,3,0]

Before:[1,2,3,3]
14213
After:[1,2,3,2]

Before:[0,1,2,0]
0311
After:[0,1,2,0]

Before:[2,3,1,2]
10230
After:[3,3,1,2]

Before:[3,1,3,1]
5133
After:[3,1,3,1]

Before:[0,1,3,3]
1311
After:[0,3,3,3]

Before:[0,2,1,3]
7022
After:[0,2,0,3]

Before:[1,2,3,3]
11130
After:[6,2,3,3]

Before:[2,1,1,0]
0311
After:[2,1,1,0]

Before:[2,1,2,2]
2230
After:[3,1,2,2]

Before:[1,2,3,3]
9032
After:[1,2,3,3]

Before:[1,2,2,0]
2231
After:[1,3,2,0]

Before:[3,2,2,0]
15223
After:[3,2,2,4]

Before:[3,1,3,1]
6322
After:[3,1,3,1]

Before:[0,3,2,2]
15320
After:[4,3,2,2]

Before:[1,1,3,2]
12220
After:[2,1,3,2]

Before:[3,3,1,1]
8230
After:[1,3,1,1]

Before:[0,3,0,2]
3003
After:[0,3,0,0]

Before:[0,1,2,1]
15121
After:[0,3,2,1]

Before:[3,3,2,1]
8330
After:[1,3,2,1]

Before:[0,0,2,1]
8332
After:[0,0,1,1]

Before:[1,0,3,1]
13032
After:[1,0,3,1]

Before:[3,3,3,3]
12221
After:[3,2,3,3]

Before:[0,1,1,0]
0313
After:[0,1,1,1]

Before:[2,1,0,1]
5132
After:[2,1,1,1]

Before:[1,0,0,1]
8330
After:[1,0,0,1]

Before:[0,3,0,2]
7023
After:[0,3,0,0]

Before:[0,3,3,3]
3000
After:[0,3,3,3]

Before:[3,2,3,1]
6322
After:[3,2,3,1]

Before:[1,1,2,0]
0311
After:[1,1,2,0]

Before:[1,0,1,1]
8331
After:[1,1,1,1]

Before:[3,1,3,2]
10132
After:[3,1,3,2]

Before:[2,1,0,0]
0213
After:[2,1,0,1]

Before:[0,0,0,2]
7031
After:[0,0,0,2]

Before:[1,1,2,2]
15121
After:[1,3,2,2]

Before:[1,0,2,3]
14321
After:[1,2,2,3]

Before:[1,1,3,3]
4102
After:[1,1,1,3]

Before:[0,1,0,2]
0212
After:[0,1,1,2]

Before:[1,3,3,1]
8332
After:[1,3,1,1]

Before:[2,1,3,3]
9131
After:[2,3,3,3]

Before:[0,3,1,2]
3003
After:[0,3,1,0]

Before:[0,1,3,3]
3000
After:[0,1,3,3]

Before:[2,1,1,1]
5130
After:[1,1,1,1]

Before:[3,3,3,2]
14232
After:[3,3,2,2]

Before:[3,3,3,3]
12222
After:[3,3,2,3]

Before:[0,2,2,2]
1222
After:[0,2,2,2]

Before:[0,2,1,0]
2130
After:[3,2,1,0]

Before:[0,0,3,1]
6320
After:[3,0,3,1]

Before:[1,1,2,2]
1223
After:[1,1,2,2]

Before:[3,1,0,0]
0211
After:[3,1,0,0]

Before:[1,1,0,3]
9030
After:[3,1,0,3]

Before:[3,2,2,2]
2133
After:[3,2,2,3]

Before:[2,3,2,2]
2231
After:[2,3,2,2]

Before:[1,1,1,1]
4103
After:[1,1,1,1]

Before:[1,2,1,3]
9033
After:[1,2,1,3]

Before:[1,2,0,1]
13033
After:[1,2,0,3]

Before:[0,2,2,3]
3003
After:[0,2,2,0]

Before:[0,2,3,2]
14212
After:[0,2,2,2]

Before:[1,1,3,0]
4101
After:[1,1,3,0]

Before:[1,1,0,2]
4101
After:[1,1,0,2]

Before:[1,1,0,3]
9131
After:[1,3,0,3]

Before:[0,3,0,3]
3003
After:[0,3,0,0]

Before:[1,0,3,0]
13031
After:[1,3,3,0]

Before:[2,0,2,0]
15123
After:[2,0,2,2]

Before:[1,1,3,2]
6312
After:[1,1,3,2]

Before:[1,0,2,3]
9032
After:[1,0,3,3]

Before:[0,2,3,0]
14210
After:[2,2,3,0]

Before:[0,1,2,3]
15211
After:[0,3,2,3]

Before:[0,3,3,1]
12223
After:[0,3,3,2]

Before:[0,1,0,0]
7021
After:[0,0,0,0]

Before:[0,2,1,1]
7022
After:[0,2,0,1]

Before:[1,3,1,0]
13031
After:[1,3,1,0]

Before:[1,1,0,3]
9031
After:[1,3,0,3]

Before:[2,1,1,3]
1310
After:[3,1,1,3]

Before:[0,1,1,3]
7011
After:[0,0,1,3]

Before:[0,1,0,1]
5131
After:[0,1,0,1]

Before:[0,3,2,0]
3000
After:[0,3,2,0]

Before:[3,1,3,2]
10130
After:[3,1,3,2]

Before:[3,1,2,2]
6312
After:[3,1,3,2]

Before:[1,1,2,1]
5130
After:[1,1,2,1]

Before:[0,1,0,0]
3000
After:[0,1,0,0]

Before:[2,3,0,3]
11032
After:[2,3,6,3]

Before:[0,1,2,0]
7021
After:[0,0,2,0]

Before:[3,1,2,1]
5133
After:[3,1,2,1]

Before:[1,1,0,3]
0212
After:[1,1,1,3]

Before:[3,1,1,1]
8330
After:[1,1,1,1]

Before:[2,1,3,1]
8331
After:[2,1,3,1]

Before:[1,0,3,2]
10032
After:[1,0,3,2]

Before:[1,1,1,2]
4103
After:[1,1,1,1]

Before:[3,3,3,2]
12223
After:[3,3,3,2]

Before:[2,2,3,1]
6321
After:[2,3,3,1]

Before:[2,3,2,1]
11121
After:[2,6,2,1]

Before:[1,1,3,0]
0313
After:[1,1,3,1]

Before:[1,3,1,1]
8331
After:[1,1,1,1]

Before:[2,3,1,3]
9232
After:[2,3,3,3]

Before:[3,0,2,1]
6320
After:[3,0,2,1]

Before:[0,1,3,0]
3003
After:[0,1,3,0]

Before:[1,0,2,1]
6322
After:[1,0,3,1]

Before:[0,1,0,1]
7022
After:[0,1,0,1]

Before:[0,1,3,1]
13131
After:[0,3,3,1]

Before:[0,1,0,1]
5133
After:[0,1,0,1]

Before:[1,1,1,3]
9132
After:[1,1,3,3]

Before:[0,0,0,0]
3002
After:[0,0,0,0]

Before:[0,2,0,1]
3000
After:[0,2,0,1]

Before:[3,1,0,3]
0210
After:[1,1,0,3]

Before:[2,0,2,0]
2031
After:[2,3,2,0]

Before:[2,1,1,3]
9233
After:[2,1,1,3]

Before:[0,1,0,3]
15033
After:[0,1,0,3]

Before:[2,0,2,1]
15123
After:[2,0,2,2]

Before:[2,1,1,3]
9133
After:[2,1,1,3]

Before:[1,2,1,0]
13233
After:[1,2,1,3]

Before:[0,1,0,3]
9131
After:[0,3,0,3]

Before:[0,3,2,1]
3002
After:[0,3,0,1]

Before:[1,2,3,3]
11133
After:[1,2,3,6]

Before:[1,1,0,3]
4103
After:[1,1,0,1]

Before:[1,0,0,3]
9033
After:[1,0,0,3]

Before:[1,3,1,1]
13032
After:[1,3,3,1]

Before:[1,1,0,1]
0211
After:[1,1,0,1]

Before:[1,1,0,2]
4102
After:[1,1,1,2]

Before:[0,1,3,2]
15121
After:[0,3,3,2]

Before:[1,1,3,2]
12222
After:[1,1,2,2]

Before:[3,1,3,2]
6311
After:[3,3,3,2]

Before:[0,1,0,3]
9133
After:[0,1,0,3]

Before:[1,0,1,2]
10231
After:[1,3,1,2]

Before:[2,1,2,2]
10131
After:[2,3,2,2]

Before:[3,1,2,1]
5132
After:[3,1,1,1]

Before:[3,1,0,2]
0210
After:[1,1,0,2]

Before:[2,1,3,1]
12223
After:[2,1,3,2]

Before:[1,0,1,1]
13232
After:[1,0,3,1]

Before:[2,1,1,3]
9230
After:[3,1,1,3]

Before:[1,1,2,0]
0313
After:[1,1,2,1]

Before:[0,2,2,0]
2233
After:[0,2,2,3]

Before:[0,2,2,0]
7012
After:[0,2,0,0]

Before:[1,2,3,3]
11330
After:[9,2,3,3]

Before:[0,2,3,1]
8330
After:[1,2,3,1]

Before:[3,2,2,0]
2132
After:[3,2,3,0]

Before:[3,1,3,1]
13130
After:[3,1,3,1]

Before:[1,2,1,1]
13232
After:[1,2,3,1]

Before:[3,1,0,1]
5130
After:[1,1,0,1]

Before:[1,0,1,3]
9232
After:[1,0,3,3]

Before:[3,1,1,2]
10231
After:[3,3,1,2]

Before:[3,1,3,1]
5131
After:[3,1,3,1]

Before:[2,1,1,0]
13133
After:[2,1,1,3]

Before:[1,1,0,2]
0211
After:[1,1,0,2]

Before:[1,2,3,2]
10031
After:[1,3,3,2]

Before:[1,0,1,3]
1300
After:[3,0,1,3]

Before:[0,2,0,3]
3000
After:[0,2,0,3]

Before:[2,1,3,2]
10130
After:[3,1,3,2]

Before:[1,1,2,3]
1300
After:[3,1,2,3]

Before:[0,0,1,1]
13230
After:[3,0,1,1]

Before:[2,2,1,2]
2131
After:[2,3,1,2]

Before:[0,3,3,2]
12223
After:[0,3,3,2]

Before:[0,0,2,3]
14322
After:[0,0,2,3]

Before:[2,0,1,0]
2030
After:[3,0,1,0]

Before:[1,1,1,2]
10033
After:[1,1,1,3]

Before:[2,3,2,1]
1221
After:[2,2,2,1]

Before:[0,3,0,3]
1313
After:[0,3,0,3]

Before:[1,2,3,3]
14210
After:[2,2,3,3]

Before:[3,1,0,1]
0213
After:[3,1,0,1]

Before:[1,0,1,2]
10031
After:[1,3,1,2]

Before:[3,3,2,3]
1302
After:[3,3,3,3]

Before:[3,0,3,3]
11333
After:[3,0,3,9]

Before:[2,0,2,3]
14320
After:[2,0,2,3]

Before:[3,3,2,3]
11332
After:[3,3,9,3]

Before:[2,0,3,2]
12222
After:[2,0,2,2]

Before:[0,1,1,3]
9232
After:[0,1,3,3]

Before:[1,2,1,1]
8232
After:[1,2,1,1]

Before:[1,3,3,0]
12220
After:[2,3,3,0]

Before:[2,2,3,1]
14210
After:[2,2,3,1]

Before:[1,3,2,0]
2233
After:[1,3,2,3]

Before:[1,2,0,1]
13031
After:[1,3,0,1]

Before:[1,1,3,3]
4100
After:[1,1,3,3]

Before:[1,1,3,2]
15022
After:[1,1,3,2]

Before:[2,1,2,1]
5133
After:[2,1,2,1]

Before:[3,0,3,3]
15131
After:[3,3,3,3]

Before:[3,0,3,3]
11031
After:[3,9,3,3]

Before:[3,3,2,3]
14020
After:[2,3,2,3]

Before:[1,1,3,1]
6320
After:[3,1,3,1]

Before:[2,0,2,2]
2233
After:[2,0,2,3]

Before:[0,2,0,3]
15233
After:[0,2,0,3]

Before:[1,3,2,0]
11123
After:[1,3,2,6]

Before:[1,1,0,0]
0212
After:[1,1,1,0]

Before:[1,2,0,1]
8332
After:[1,2,1,1]

Before:[0,3,2,1]
1221
After:[0,2,2,1]

Before:[2,0,0,3]
1330
After:[3,0,0,3]

Before:[3,2,3,1]
12220
After:[2,2,3,1]

Before:[0,1,0,2]
6313
After:[0,1,0,3]

Before:[3,2,2,0]
14023
After:[3,2,2,2]

Before:[2,1,3,3]
11233
After:[2,1,3,9]

Before:[2,2,1,3]
9232
After:[2,2,3,3]

Before:[3,0,0,1]
8332
After:[3,0,1,1]

Before:[1,2,1,0]
2133
After:[1,2,1,3]

Before:[1,3,3,3]
12223
After:[1,3,3,2]

Before:[0,1,1,1]
5132
After:[0,1,1,1]

Before:[1,0,0,1]
8333
After:[1,0,0,1]

Before:[1,1,2,1]
5132
After:[1,1,1,1]

Before:[2,2,2,3]
15220
After:[4,2,2,3]

Before:[2,2,2,1]
8332
After:[2,2,1,1]

Before:[3,0,2,3]
11030
After:[9,0,2,3]

Before:[3,0,3,1]
6321
After:[3,3,3,1]

Before:[3,0,3,3]
1311
After:[3,3,3,3]

Before:[0,1,0,1]
0211
After:[0,1,0,1]

Before:[2,1,0,1]
5133
After:[2,1,0,1]

Before:[1,0,1,3]
1302
After:[1,0,3,3]

Before:[2,0,2,1]
15122
After:[2,0,2,1]

Before:[0,0,2,2]
7010
After:[0,0,2,2]

Before:[2,1,1,2]
10132
After:[2,1,3,2]

Before:[2,3,2,3]
11332
After:[2,3,9,3]

Before:[0,3,3,2]
7030
After:[0,3,3,2]

Before:[3,1,3,0]
0312
After:[3,1,1,0]

Before:[1,0,1,3]
9030
After:[3,0,1,3]

Before:[2,1,2,2]
1201
After:[2,2,2,2]

Before:[3,1,0,3]
0211
After:[3,1,0,3]

Before:[2,1,3,2]
6312
After:[2,1,3,2]

Before:[0,0,1,3]
9231
After:[0,3,1,3]

Before:[2,2,2,2]
2130
After:[3,2,2,2]

Before:[3,1,1,1]
5133
After:[3,1,1,1]

Before:[1,1,2,1]
11023
After:[1,1,2,2]

Before:[1,0,2,3]
15022
After:[1,0,3,3]

Before:[1,3,3,1]
13033
After:[1,3,3,3]

Before:[2,1,3,2]
6310
After:[3,1,3,2]

Before:[0,1,1,2]
6312
After:[0,1,3,2]

Before:[3,1,2,2]
11022
After:[3,1,6,2]

Before:[2,3,2,0]
2231
After:[2,3,2,0]

Before:[3,1,1,0]
13133
After:[3,1,1,3]

Before:[2,0,2,3]
11331
After:[2,9,2,3]

Before:[1,3,3,1]
12221
After:[1,2,3,1]

Before:[0,0,0,1]
3003
After:[0,0,0,0]

Before:[1,1,0,1]
5130
After:[1,1,0,1]

Before:[1,1,0,3]
4100
After:[1,1,0,3]

Before:[2,3,2,0]
15022
After:[2,3,4,0]

Before:[2,1,0,1]
5130
After:[1,1,0,1]

Before:[1,2,3,3]
1300
After:[3,2,3,3]

Before:[3,1,1,1]
5130
After:[1,1,1,1]

Before:[1,2,1,3]
11132
After:[1,2,6,3]

Before:[1,1,0,2]
10032
After:[1,1,3,2]

Before:[2,2,0,3]
11133
After:[2,2,0,6]

Before:[2,2,0,2]
2032
After:[2,2,3,2]

Before:[1,1,2,1]
8332
After:[1,1,1,1]

Before:[1,0,1,3]
9231
After:[1,3,1,3]

Before:[2,0,2,3]
11032
After:[2,0,6,3]

Before:[1,1,2,0]
13131
After:[1,3,2,0]

Before:[1,1,3,0]
4102
After:[1,1,1,0]

Before:[3,2,3,1]
12221
After:[3,2,3,1]

Before:[0,2,3,3]
7021
After:[0,0,3,3]

Before:[3,1,2,1]
15213
After:[3,1,2,3]

Before:[1,3,1,1]
8333
After:[1,3,1,1]

Before:[1,1,0,1]
4103
After:[1,1,0,1]

Before:[0,1,0,0]
15010
After:[1,1,0,0]

Before:[3,0,2,2]
1220
After:[2,0,2,2]

Before:[0,0,2,0]
3000
After:[0,0,2,0]

Before:[3,0,2,1]
6322
After:[3,0,3,1]

Before:[1,3,2,3]
1333
After:[1,3,2,3]

Before:[1,1,2,1]
4103
After:[1,1,2,1]

Before:[0,2,3,3]
11232
After:[0,2,9,3]

Before:[0,2,3,2]
3002
After:[0,2,0,2]

Before:[1,0,2,1]
11023
After:[1,0,2,2]

Before:[3,2,1,0]
13232
After:[3,2,3,0]

Before:[3,2,1,3]
11033
After:[3,2,1,9]

Before:[3,0,2,3]
11322
After:[3,0,6,3]

Before:[0,1,3,3]
9130
After:[3,1,3,3]

Before:[1,0,3,3]
9032
After:[1,0,3,3]

Before:[2,1,2,0]
0313
After:[2,1,2,1]

Before:[0,0,3,1]
8333
After:[0,0,3,1]

Before:[1,1,2,1]
8333
After:[1,1,2,1]

Before:[1,2,2,3]
11023
After:[1,2,2,2]

Before:[3,3,3,3]
1311
After:[3,3,3,3]

Before:[0,1,2,3]
9130
After:[3,1,2,3]

Before:[1,1,0,3]
1330
After:[3,1,0,3]

Before:[2,2,3,1]
6323
After:[2,2,3,3]

Before:[1,3,3,1]
8330
After:[1,3,3,1]

Before:[0,2,3,1]
7030
After:[0,2,3,1]

Before:[0,1,2,1]
5133
After:[0,1,2,1]

Before:[3,1,1,2]
6310
After:[3,1,1,2]

Before:[1,1,2,1]
5133
After:[1,1,2,1]

Before:[0,2,0,3]
7013
After:[0,2,0,0]

Before:[3,1,1,0]
0312
After:[3,1,1,0]

Before:[3,1,0,1]
5133
After:[3,1,0,1]

Before:[1,1,1,1]
8233
After:[1,1,1,1]

Before:[0,3,2,1]
6322
After:[0,3,3,1]

Before:[0,2,1,3]
3003
After:[0,2,1,0]

Before:[3,1,3,1]
6321
After:[3,3,3,1]

Before:[3,2,2,3]
1303
After:[3,2,2,3]

Before:[3,2,1,1]
8332
After:[3,2,1,1]

Before:[3,1,1,3]
1312
After:[3,1,3,3]

Before:[2,3,3,1]
12221
After:[2,2,3,1]

Before:[3,1,3,0]
0311
After:[3,1,3,0]

Before:[2,1,2,2]
10130
After:[3,1,2,2]

Before:[1,1,3,2]
4103
After:[1,1,3,1]

Before:[0,1,0,0]
7013
After:[0,1,0,0]

Before:[0,1,1,0]
0311
After:[0,1,1,0]

Before:[0,1,0,1]
5132
After:[0,1,1,1]

Before:[2,1,1,1]
5131
After:[2,1,1,1]

Before:[3,0,2,3]
11033
After:[3,0,2,9]

Before:[3,1,0,2]
10132
After:[3,1,3,2]

Before:[1,2,2,3]
9032
After:[1,2,3,3]

Before:[0,3,2,1]
14123
After:[0,3,2,2]

Before:[1,3,0,3]
11332
After:[1,3,9,3]

Before:[0,0,2,1]
6322
After:[0,0,3,1]

Before:[1,1,2,1]
4101
After:[1,1,2,1]

Before:[1,3,2,3]
11120
After:[6,3,2,3]

Before:[2,2,1,0]
2033
After:[2,2,1,3]

Before:[0,1,1,0]
0310
After:[1,1,1,0]

Before:[0,1,2,2]
6310
After:[3,1,2,2]

Before:[1,3,3,2]
15020
After:[3,3,3,2]

Before:[3,2,3,2]
14212
After:[3,2,2,2]

Before:[1,1,0,0]
4101
After:[1,1,0,0]

Before:[0,1,3,0]
0310
After:[1,1,3,0]

Before:[3,0,3,2]
12222
After:[3,0,2,2]

Before:[0,0,2,1]
15220
After:[4,0,2,1]

Before:[3,3,0,1]
8330
After:[1,3,0,1]

Before:[2,2,1,3]
9233
After:[2,2,1,3]

Before:[0,3,1,0]
7012
After:[0,3,0,0]

Before:[1,3,2,2]
14122
After:[1,3,2,2]

Before:[3,3,2,0]
1220
After:[2,3,2,0]

Before:[1,1,3,2]
4101
After:[1,1,3,2]

Before:[1,0,2,2]
1220
After:[2,0,2,2]

Before:[1,2,0,0]
2133
After:[1,2,0,3]

Before:[2,2,2,2]
1200
After:[2,2,2,2]

Before:[0,3,2,2]
1222
After:[0,3,2,2]

Before:[0,2,3,1]
8332
After:[0,2,1,1]

Before:[2,0,3,2]
14201
After:[2,2,3,2]

Before:[1,1,1,3]
4101
After:[1,1,1,3]

Before:[1,1,3,2]
6311
After:[1,3,3,2]

Before:[0,0,3,3]
1311
After:[0,3,3,3]

Before:[3,1,3,2]
6310
After:[3,1,3,2]

Before:[2,3,3,2]
14203
After:[2,3,3,2]

Before:[2,0,1,2]
10233
After:[2,0,1,3]

Before:[2,1,2,3]
1330
After:[3,1,2,3]

Before:[0,1,1,2]
10230
After:[3,1,1,2]

Before:[3,3,2,2]
2231
After:[3,3,2,2]

Before:[1,1,0,2]
4100
After:[1,1,0,2]

Before:[3,2,2,1]
14020
After:[2,2,2,1]

Before:[0,2,3,1]
7012
After:[0,2,0,1]

Before:[1,1,2,3]
11322
After:[1,1,6,3]

Before:[1,2,2,3]
9033
After:[1,2,2,3]

Before:[2,1,3,3]
9133
After:[2,1,3,3]

Before:[0,1,3,1]
5133
After:[0,1,3,1]

Before:[0,0,2,3]
7011
After:[0,0,2,3]

Before:[0,0,2,1]
7020
After:[0,0,2,1]

Before:[0,1,0,3]
1311
After:[0,3,0,3]

Before:[3,2,3,3]
14213
After:[3,2,3,2]

Before:[1,1,0,3]
4101
After:[1,1,0,3]

Before:[0,1,1,1]
5133
After:[0,1,1,1]

Before:[3,1,3,1]
8332
After:[3,1,1,1]

Before:[1,1,1,0]
4101
After:[1,1,1,0]

Before:[1,2,2,3]
15020
After:[3,2,2,3]

Before:[3,0,2,3]
1313
After:[3,0,2,3]

Before:[0,2,0,3]
3002
After:[0,2,0,3]

Before:[2,3,0,3]
15232
After:[2,3,3,3]

Before:[1,1,1,1]
5132
After:[1,1,1,1]

Before:[1,1,1,1]
13231
After:[1,3,1,1]

Before:[2,2,2,1]
15223
After:[2,2,2,4]

Before:[0,1,3,0]
12221
After:[0,2,3,0]

Before:[1,2,1,2]
10030
After:[3,2,1,2]

Before:[1,0,3,1]
12220
After:[2,0,3,1]

Before:[3,2,0,3]
15231
After:[3,3,0,3]

Before:[0,2,2,1]
8331
After:[0,1,2,1]

Before:[2,2,1,3]
9231
After:[2,3,1,3]

Before:[0,0,2,2]
15221
After:[0,4,2,2]

Before:[3,1,1,1]
5131
After:[3,1,1,1]

Before:[1,1,3,1]
5132
After:[1,1,1,1]

Before:[0,1,1,3]
15013
After:[0,1,1,1]

Before:[2,1,2,0]
1201
After:[2,2,2,0]

Before:[0,1,1,0]
3001
After:[0,0,1,0]

Before:[1,1,1,3]
9231
After:[1,3,1,3]

Before:[3,2,1,3]
1332
After:[3,2,3,3]

Before:[0,1,2,3]
7011
After:[0,0,2,3]

Before:[1,2,0,3]
9033
After:[1,2,0,3]

Before:[1,1,1,1]
8232
After:[1,1,1,1]

Before:[0,0,1,1]
13232
After:[0,0,3,1]

Before:[2,2,3,3]
14210
After:[2,2,3,3]

Before:[3,2,0,3]
11031
After:[3,9,0,3]

Before:[0,1,1,2]
10232
After:[0,1,3,2]

Before:[0,3,0,3]
3002
After:[0,3,0,3]

Before:[1,3,3,0]
13031
After:[1,3,3,0]

Before:[1,3,1,1]
13231
After:[1,3,1,1]

Before:[1,1,0,3]
0211
After:[1,1,0,3]

Before:[2,1,3,1]
5132
After:[2,1,1,1]

Before:[0,1,0,3]
1310
After:[3,1,0,3]

Before:[3,2,3,2]
2132
After:[3,2,3,2]

Before:[0,1,3,3]
11333
After:[0,1,3,9]

Before:[1,1,0,2]
6311
After:[1,3,0,2]

Before:[1,1,3,1]
4101
After:[1,1,3,1]

Before:[2,1,0,2]
6310
After:[3,1,0,2]

Before:[0,0,2,3]
1302
After:[0,0,3,3]

Before:[1,2,2,0]
2233
After:[1,2,2,3]

Before:[1,1,1,1]
5133
After:[1,1,1,1]

Before:[3,2,2,0]
14022
After:[3,2,2,0]

Before:[1,2,1,2]
10233
After:[1,2,1,3]

Before:[0,1,1,1]
5131
After:[0,1,1,1]

Before:[3,2,2,0]
15323
After:[3,2,2,2]

Before:[3,0,2,0]
11022
After:[3,0,6,0]

Before:[1,0,0,1]
13031
After:[1,3,0,1]

Before:[0,1,3,3]
9133
After:[0,1,3,3]

Before:[0,0,2,3]
11230
After:[6,0,2,3]

Before:[3,3,3,3]
1301
After:[3,3,3,3]

Before:[2,3,1,0]
13233
After:[2,3,1,3]



6131
6232
6120
1021
13131
10133
6122
6111
10100
13010
10033
1321
6322
6300
6313
12023
13333
10131
1110
6031
13002
15202
6033
6322
13212
13232
10020
1023
13000
15020
6311
6332
7022
13222
10323
1320
6221
6202
6003
0321
13131
13111
10010
1033
13302
15232
13000
15030
6001
12021
13131
10133
1321
6212
6033
6100
1020
13010
13010
10011
6320
13103
15313
9203
13313
13323
10131
1102
13100
15010
6331
6233
15010
13030
10022
1211
6000
6322
6202
13212
13232
10211
6122
6200
8030
13020
10011
6332
6220
8033
13323
10131
1130
6331
6133
13321
13131
10010
1021
13102
15222
6110
6323
1020
13030
10101
1123
6321
6210
6302
7020
13030
10033
1302
6220
13003
15323
13101
15111
8031
13111
10212
1201
13203
15303
13300
15010
6302
5322
13212
13232
10121
6323
13100
15020
6302
14302
13222
13232
10121
1122
6201
6233
6303
13323
10322
1223
6202
13301
15131
14100
13020
10033
1311
6033
6320
6002
7203
13313
10131
6213
12020
13010
10101
1123
6212
6130
13001
15101
1022
13232
13222
10323
6312
15012
13222
13212
10323
1310
6101
13303
15313
13302
15202
13121
13121
10010
1021
13202
15232
6203
6230
8030
13030
13010
10101
13002
15222
6130
1023
13323
13323
10311
6010
6033
0320
13020
13010
10011
6210
6223
8030
13010
13020
10011
1133
6332
13100
15010
6211
9120
13010
10033
1312
6210
13101
15101
6313
14303
13323
10322
1210
13003
15323
6131
6302
11131
13111
10010
6132
6003
6321
12121
13121
10100
6311
6123
6222
15313
13333
13333
10300
1001
6030
6213
2232
13232
13222
10121
1120
6232
6013
6331
0322
13222
13232
10020
1021
6300
6223
6032
7200
13030
13020
10011
13100
15010
6302
11032
13212
13212
10211
1122
6011
6313
15013
13333
13333
10322
1203
6201
13100
15030
13002
15222
4200
13020
13020
10033
1311
6123
13300
15010
1022
13222
10211
6322
6320
6303
12320
13010
13020
10101
1110
6012
6223
6011
5232
13232
10020
1022
13001
15111
6120
11033
13333
13333
10232
1200
6331
6332
6213
14132
13212
10020
1003
6121
6312
13100
15000
13122
13232
10323
1301
6123
6220
6022
3030
13020
13030
10011
1133
6220
13301
15111
11102
13232
10233
1302
6020
13203
15333
13201
15121
14313
13333
13323
10232
1200
6033
6311
6202
2232
13222
10200
1021
6320
13002
15222
0320
13010
10011
1103
6021
6002
6130
10001
13121
10133
6011
13000
15030
7200
13020
10033
1321
6220
6003
6312
7023
13323
13313
10311
6203
13102
15222
6130
1020
13010
13010
10011
1102
13100
15020
6323
6301
14301
13131
10122
1201
6213
6112
8032
13212
10211
6212
6330
6333
4202
13212
10121
1112
6103
6231
9101
13121
10212
6131
6233
6210
2033
13333
10232
1211
6320
6202
13303
15333
9200
13020
10011
1122
6220
6013
6321
14100
13010
10202
13200
15010
13001
15121
2130
13030
10202
6321
6220
6233
14100
13030
13030
10022
1210
13202
15222
6023
0321
13131
10010
1033
6011
6110
1020
13030
10033
1330
6103
6101
6322
13121
13111
10100
1001
6020
6112
6233
6200
13010
13020
10101
1110
6121
6302
13203
15303
13121
13131
13111
10010
1031
6330
12020
13030
13020
10011
1103
6311
6200
7021
13121
10133
6102
13200
15010
6011
15010
13020
13030
10033
1331
6022
6110
6003
10002
13232
10121
1123
6302
6011
15010
13030
10033
1331
13300
15020
13003
15313
6212
3032
13222
13222
10121
6110
13003
15303
6322
5323
13313
13323
10131
6102
6210
6113
3033
13313
10131
6023
6222
6120
0320
13020
10101
1130
6211
0323
13323
10030
1021
6230
6003
0322
13232
10211
1102
6131
6310
13010
10022
1231
6312
6233
6200
9020
13010
10011
1113
6320
13102
15202
13001
15111
7202
13212
13212
10233
6311
13000
15020
6012
12122
13222
10323
1321
6122
6130
6203
10002
13212
13212
10211
6113
13100
15020
13102
15222
11300
13030
13020
10101
13302
15202
6320
6333
12022
13222
13212
10211
1132
6233
6221
2133
13323
10232
1223
6131
6212
6110
1022
13212
10323
6300
6331
6302
12121
13121
10313
6010
6221
9121
13131
10133
1301
6023
13202
15202
6300
12023
13323
13323
10311
1113
6331
7201
13111
13131
10133
1320
6023
6101
13122
13222
10200
6133
6321
6332
13323
13333
10030
1001
13303
15303
13002
15222
6220
0323
13323
10311
1110
6113
13302
15232
6321
13322
13232
10200
1011
6323
6132
6000
12323
13313
10131
1113
13001
15111
6212
6130
1020
13020
10033
1330
6033
6311
4211
13111
10100
1003
6211
6320
13202
15202
7200
13030
13010
10033
1321
6010
6033
6212
0323
13323
10131
6123
6310
4200
13010
13010
10011
1103
6200
6312
13101
15101
9020
13020
10303
1302
13300
15020
6113
15310
13010
10202
1230
6213
6002
6111
11132
13222
10020
1032
6020
6003
6310
13020
10022
1233
6302
13000
15020
7020
13010
13030
10303
1332
6100
6223
11133
13333
10322
1231
6113
13000
15020
6232
3030
13030
10011
13203
15323
6330
6012
5230
13020
10101
1113
6312
6301
6210
4012
13212
10323
1320
6032
6011
6223
5231
13131
10100
1031
13102
15212
6200
13303
15333
14303
13333
13333
10131
1102
6103
6121
3031
13131
10122
1201
6312
6003
5322
13212
10121
1120
13101
15121
6232
0322
13232
10020
1011
13300
15010
6222
6133
1020
13010
10101
1103
6221
13100
15030
6112
6201
13111
10313
1330
6312
6101
6233
13123
13323
13333
10300
1031
6100
6333
6112
12320
13010
13020
10011
1122
6300
13001
15121
6113
9103
13313
10232
1220
6022
6001
6113
10331
13121
10010
1001
6110
6202
6313
1023
13323
10311
1120
13301
15131
6103
13102
15232
15312
13232
10200
1022
6130
10001
13121
10212
1221
13002
15232
6330
13320
13030
10101
1100
6033
13101
15101
5321
13121
10010
1002
13101
15121
13103
15333
6210
14310
13030
10022
1200